10110000001000000000000000101101
10110000010000000000000110010000
10110000011000001110011000010100
10000000000000000000000000000000
10000000000000000000000000000000
10000000000000000000000000000000
10110000100001100111101100001100
10000000000000000000000000000000
10000000000000000000000000000000
10000000000000000000000000000000
10110000011010000000000100101100
10110000101000000000000000000001
10110000110000000000000000000001
10000000000000000000000000000000
10110001101000000000000100101100
10110001111000000000000000000010
10000000111010001100000000000000
10000000000000000000000000000000
10000000000000000000000000000000
10000000000000000000000000000000
01100010000111000000000000000000
10000000000000000000000000000000
10000000000000000000000000000000
10000000000000000000000000000000
10000101000100000010000000000000
10000000000000000000000000000000
10000000000000000000000000000000
10000000000000000000000000000000
10110111000100000010011100010000
10001101110011001100000000000000
10110001001000000000000000000000
10000000000000000000000000000000
10000000000000000000000000000000
10000000000000000000000000000000
00101110100100000000000000001011
10000000000000000000000000000000
10000000000000000000000000000000
10000000000000000000000000000000
10000000000000000000000000000000
10000001000100001010000000000000
00000000000000000000000000000110
10000000000000000000000000000000
10000000000000000000000000000000
10000000000000000000000000000000
10000000000000000000000000000000
10000011000010110000000000000000
10000000111010001010000000000000
10000000000000000000000000000000
10000000000000000000000000000000
10000000000000000000000000000000
01100010010111000000000000000000
10000000000000000000000000000000
10000000000000000000000000000000
10000000000000000000000000000000
10000101001100100010000000000000
10000000000000000000000000000000
10000000000000000000000000000000
10000000000000000000000000000000
10110111001100100010011100010000
10001101110010101010000000000000
10110000111000000000000000000000
10000000000000000000000000000000
10000000000000000000000000000000
10000000000000000000000000000000
00101110011100000000000000001011
10000000000000000000000000000000
10000000000000000000000000000000
10000000000000000000000000000000
10000000000000000000000000000000
10000001001100101100000000000000
00000000000000000000000000000111
10000000000000000000000000000000
10000000000000000000000000000000
10000000000000000000000000000000
10000000000000000000000000000000
10000011001011010010000000000000
10000000000000000000000000000000
10111011010100000000000100101100
10111011011100100000000100101100
10000000000000000000000000000000
10000000000000000000000000000000
10000000000000000000000000000000
10000001100101010110000000000000
10000000000000000000000000000000
10000000000000000000000000000000
10000000000000000000000000000000
00101100111100000000000000010101
10000000000000000000000000000000
10000000000000000000000000000000
10000000000000000000000000000000
10000000000000000000000000000000
10110000010001000000000000000001
00110110110100000000000000101101
10000000000000000000000000000000
10000000000000000000000000000000
10000000000000000000000000000000
10000000000000000000000000000000
00110101110100000000000000101110
10000000000000000000000000000000
10000000000000000000000000000000
10000000000000000000000000000000
10000000000000000000000000000000
00000000000000000000000000110000
10000000000000000000000000000000
10000000000000000000000000000000
10000000000000000000000000000000
10000000000000000000000000000000
10110101000100000000000100101100
10000000000000000000000000000000
10000000000000000000000000000000
10000000000000000000000000000000
10000001010100010010000000000000
10000000000000000000000000000000
10000000000000000000000000000000
10000000000000000000000000000000
10000001010101000110000000000000
01100010110010000000000000000000
10000000000000000000000000000000
10000000000000000000000000000000
10000000000000000000000000000000
01000010111010000000000000000000
10110000010001000000000000000001
00110110110100000000000000001111
10000000000000000000000000000000
10000000000000000000000000000000
10000000000000000000000000000000
10000000000000000000000000000000
00110101110100000000000000010000
10000000000000000000000000000000
10000000000000000000000000000000
10000000000000000000000000000000
10000000000000000000000000000000
00000000000000000000000000010010
10000000000000000000000000000000
10000000000000000000000000000000
10000000000000000000000000000000
10000000000000000000000000000000
10110000110011000000000000000001
00001111111111111111111110000110
10000000000000000000000000000000
10000000000000000000000000000000
10000000000000000000000000000000
10000000000000000000000000000000
10110000101010100000000000000001
10110000110000000000000000000001
00001111111111111111111101111111
10000000000000000000000000000000
10000000000000000000000000000000
10000000000000000000000000000000
10000000000000000000000000000000
10000001110000000000000000000000
