b020002d
b0400190
b060e614
80000000
80000000
80000000
b0867b0c
80000000
80000000
80000000
b068012c
b0a00001
b0c00001
80000000
b1a0012c
b1e00002
80e8c000
80000000
80000000
80000000
621c0000
80000000
80000000
80000000
85102000
80000000
80000000
80000000
b7102710
8dccc000
b1200000
80000000
80000000
80000000
2e90000b
80000000
80000000
80000000
80000000
8110a000
00000006
80000000
80000000
80000000
80000000
830b0000
80e8a000
80000000
80000000
80000000
625c0000
80000000
80000000
80000000
85322000
80000000
80000000
80000000
b7322710
8dcaa000
b0e00000
80000000
80000000
80000000
2e70000b
80000000
80000000
80000000
80000000
8132c000
00000007
80000000
80000000
80000000
80000000
832d2000
80000000
bb50012c
bb72012c
80000000
80000000
80000000
81956000
80000000
80000000
80000000
2cf00015
80000000
80000000
80000000
80000000
b0440001
36d0002d
80000000
80000000
80000000
80000000
35d0002e
80000000
80000000
80000000
80000000
00000030
80000000
80000000
80000000
80000000
b510012c
80000000
80000000
80000000
81512000
80000000
80000000
80000000
81546000
62c80000
80000000
80000000
80000000
42e80000
b0440001
36d0000f
80000000
80000000
80000000
80000000
35d00010
80000000
80000000
80000000
80000000
00000012
80000000
80000000
80000000
80000000
b0cc0001
0fffff86
80000000
80000000
80000000
80000000
b0aa0001
b0c00001
0fffff7f
80000000
80000000
80000000
80000000
81c00000
