001000100000000000000001
001000000000000000000001
101000000010000000000000
101100000000000000000101
111100000000000000000000
001000110000000000000000
001000010000000000000010
001000100000000000000101
010100110001001000000000
010000000011000000000000
001000110000000000000000
001000010000000000001001
001000100000000000000011
100000110001001000000000
010000000011000000000000
001000110000000000000000
001000010000000000000110
001000100000000000001101
100100110010000100000000
010000000011000000000000
001000110000000000000000
001000010000000000000111
001000100000000000000010
111000110001001000000000
010000000011000000000000
001000000000000000000000
001000010000000000000000
001001000000000000000000
001001010000000000000000
001010100000000000000000
001010110000000000000000
000000000000000000000000