001000100000000000000001
001000000000000000000001
101000000010000000000000
101100000000000000000101
111100000000000000000000
001000110000000000000000
001000010000000000000010
001000100000000000000101
010100110001001000000000
010000000011000000000000
001000000000000000000000
001000010000000000000101
001000100000000000000001
001000110000000000000000
101000000000000100000000
101100000000000000010101
010100110000001000000000
010000000011000000000000
010100000000001000000000
001000110000000000000000
111100000000000000001110
001001010000000000001010
001000000000000000000000
001000010000000000000000
001001000000000000000000
001001010000000000000000
001010100000000000000000
001010110000000000000000
000000000000000000000000