001000100000000000000001
001000000000000000000001
101000000010000000000000
101100000000000000000101
111100000000000000000000
001000000000000100101100
011100010000000000000000
010000000001000000000000
001000000000000100101101
011100100000000000000000
010000000010000000000000
001000000000000000001100
011100110000000000000000
010000000011000000000000
001000000000000100110010
010101000001000000000000
000100000100001100000000
011101010100000000000000
010000000101000000000000
000000000000000000000000