001000000000000001100100
011100010000000000000000
001100000001000000011000
001100000001000000011001
001100000001000000011010
001100000001000000011011
001100000001000000011100
001100000001000000011101
001100000001000000011110
001100000001000000011111
001000100000000001100101
011100110010000000000000
001100010011000000011000
001100010011000000011001
001100010011000000011010
001100010011000000011011
001100010011000000011100
001100010011000000011101
001100010011000000011110
001100010011000000011111
010100110000000100010000
000000000000000000000000