001000000000000100101101
011100010000000000000000
001000000000000100101110
010100010001000000000000
011100100001000000000000
001000000000000000000001
101000000010000000000000
101100000000000000001001
111100000000000000000000
001000010000000000000000
001000110000000100101110
001000000000000000011001
101000000001000000000000
101100000000000001001000
001000000000000000000101
010100010001000000000000
001010100000000000000000
001000000000000100101100
011100100000000000000000
001000000000000100101110
010100100010000000000000
111100000000000000010110
001000000000000100101100
011110110000000000000000
101000001010101100000000
101100000000000000110111
001000000000000100101100
111001001010000000000000
100101011010000000000000
011101100101000000000000
100001100110000100000000
001000000000000001100100
100101100110000000000000
010101100110010000000000
001000000000000100101100
111011000110000000000000
011101110100000000000000
100001110111000100000000
001000000000000001100100
100101110111000000000000
010101110111010100000000
001000000000000100101100
111011010111000000000000
100001001101000000000000
010101000100110000000000
001010110000000100101110
010110111011010000000000
011110001011000000000000
000100000010100000000000
001000000000000000000001
010100100010000000000000
010000001000000000000000
001000000000000000000001
010110101010000000000000
111100000000000000010110
001000000000000100101110
001000010000000000000001
001000100000000100101100
011100110010000000000000
010101000011000000000000
001000000000000100101101
011100110000000000000000
010100110011000000000000
101000000100001100000000
101100000000000000001011
011101010100000000000000
001000000000000100101110
000100000000010100000000
001001100000000000000001
010100000000011000000000
010101000100011000000000
111100000000000000111111
001000000000000000000000
001000010000000000000000
001001000000000000000000
001001010000000000000000
001010100000000000000000
001010110000000000000000
000000000000000000000000