111111110011001100000000
111111111111111111111111
000000000000000000001111
000000000000000000010111
000000000000000000011110
000000000000000000100110
000000000000000000101101
000000000000000000110100
000000000000000000111010
000000000000000001000000
000000000000000001000110
000000000000000001001100
000000000000000001010000
000000000000000001010101
000000000000000001011001
000000000000000001011100
000000000000000001011111
000000000000000001100001
000000000000000001100010
000000000000000001100011
000000000000000001100100
000000000000000001100011
000000000000000001100010
000000000000000001100001
000000000000000001011111
000000000000000001011100
000000000000000001011001
000000000000000001010101
000000000000000001010000
000000000000000001001100
000000000000000001000110
000000000000000001000000
000000000000000000111010
000000000000000000110100
000000000000000000101101
000000000000000000100110
000000000000000000011110
000000000000000000010111
000000000000000000001111
000000000000000000000111
000000000000000000000000
111111111111111111111001
111111111111111111110001
111111111111111111101001
111111111111111111100010
111111111111111111011010
111111111111111111010011
111111111111111111001100
111111111111111111000110
111111111111111111000000
111111111111111110111010
111111111111111110110100
111111111111111110110000
111111111111111110101011
111111111111111110100111
111111111111111110100100
111111111111111110100001
111111111111111110011111
111111111111111110011110
111111111111111110011101
111111111111111110011100
111111111111111110011101
111111111111111110011110
111111111111111110011111
111111111111111110100001
111111111111111110100100
111111111111111110100111
111111111111111110101011
111111111111111110110000
111111111111111110110100
111111111111111110111010
111111111111111111000000
111111111111111111000110
111111111111111111001100
111111111111111111010011
111111111111111111011010
111111111111111111100010
111111111111111111101001
111111111111111111110001
111111111111111111111001
000000000000000000000000
000000000000000000000111
000000000000000000001111
000000000000000000010111
000000000000000000011110
000000000000000000100110
000000000000000000101101
000000000000000000110100
000000000000000000111010
000000000000000001000000
000000000000000001000110
000000000000000001001100
000000000000000001010000
000000000000000001010101
000000000000000001011001
000000000000000001011100
000000000000000001011111
000000000000000001100001
000000000000000001100010
000000000000000001100011
000000000000000001100100
000000000000000001100011
000000000000000001100010
000000000000000001100001
000000000000000001011111
000000000000000001011100
000000000000000001011001
000000000000000001010101
000000000000000001010000
000000000000000001001100
000000000000000001000110
000000000000000001000000
000000000000000000111010
000000000000000000110100
000000000000000000101101
000000000000000000100110
000000000000000000011110
000000000000000000010111
000000000000000000001111
000000000000000000000111
000000000000000000000000
111111111111111111111001
111111111111111111110001
111111111111111111101001
111111111111111111100010
111111111111111111011010
111111111111111111010011
111111111111111111001100
111111111111111111000110
111111111111111111000000
111111111111111110111010
111111111111111110110100
111111111111111110110000
111111111111111110101011
111111111111111110100111
111111111111111110100100
111111111111111110100001
111111111111111110011111
111111111111111110011110
111111111111111110011101
111111111111111110011100
111111111111111110011101
111111111111111110011110
111111111111111110011111
111111111111111110100001
111111111111111110100100
111111111111111110100111
111111111111111110101011
111111111111111110110000
111111111111111110110100
111111111111111110111010
111111111111111111000000
111111111111111111000110
111111111111111111001100
111111111111111111010011
111111111111111111011010
111111111111111111100010
111111111111111111101001
111111111111111111110001
111111111111111111111001
000000000000000000000000
000000000000000000000111
000000000000000000001111
000000000000000000010111
000000000000000000011110
000000000000000000100110
000000000000000000101101
000000000000000000110100
000000000000000000111010
000000000000000001000000
000000000000000001000110
000000000000000001001100
000000000000000001010000
000000000000000001010101
000000000000000001011001
000000000000000001011100
000000000000000001011111
000000000000000001100001
000000000000000001100010
000000000000000001100011
000000000000000001100100
000000000000000001100011
000000000000000001100010
000000000000000001100001
000000000000000001011111
000000000000000001011100
000000000000000001011001
000000000000000001010101
000000000000000001010000
000000000000000001001100
000000000000000001000110
000000000000000001000000
000000000000000000111010
000000000000000000110100
000000000000000000101101
000000000000000000100110
000000000000000000011110
000000000000000000010111
000000000000000000001111
000000000000000000000111
000000000000000000000000
111111111111111111111001
111111111111111111110001
111111111111111111101001
111111111111111111100010
111111111111111111011010
111111111111111111010011
111111111111111111001100
111111111111111111000110
111111111111111111000000
111111111111111110111010
111111111111111110110100
111111111111111110110000
111111111111111110101011
111111111111111110100111
111111111111111110100100
111111111111111110100001
111111111111111110011111
111111111111111110011110
111111111111111110011101
111111111111111110011100
111111111111111110011101
111111111111111110011110
111111111111111110011111
111111111111111110100001
111111111111111110100100
111111111111111110100111
111111111111111110101011
111111111111111110110000
111111111111111110110100
111111111111111110111010
111111111111111111000000
111111111111111111000110
111111111111111111001100
111111111111111111010011
111111111111111111011010
111111111111111111100010
111111111111111111101001
111111111111111111110001
111111111111111111111001
000000000000000000000000
000000000000000000000111
000000000000000000001111
000000000000000000010111
000000000000000000011110
000000000000000000100110
000000000000000000101101
000000000000000000110100
000000000000000000111010
000000000000000001000000
000000000000000001000110
000000000000000001001100
000000000000000001010000
000000000000000001010101
000000000000000001011001
000000000000000001011100
000000000000000001011111
000000000000000001100001
000000000000000001100010
000000000000000001100011
000000000000000001100100
000000000000000001100011
000000000000000001100010
000000000000000001100001
000000000000000001011111
000000000000000001011100
000000000000000001011001
000000000000000001010101
000000000000000001010000
000000000000000001001100
000000000000000001000110
000000000000000001000000
000000000000000000111010
000000000000000000110100
000000000000000000101101
000000000000000000100110
000000000000000000011110
000000000000000000010111
000000000000000000001111
000000000000000000000111
000000000000000000000000
111111111111111111111001
111111111111111111110001
111111111111111111101001
111111111111111111100010
111111111111111111011010
111111111111111111010011
111111111111111111001100
111111111111111111000110
111111111111111111000000
111111111111111110111010
111111111111111110110100
111111111111111110110000
111111111111111110101011
111111111111111110100111
111111111111111110100100
111111111111111110100001
111111111111111110011111
111111111111111110011110
111111111111111110011101
000000010101111110010000
000000101011111100100000
